# name: debug
# type: sparse matrix
# nnz: 20736
# rows: 144
# columns: 144

1 1 839348475
2 1 76069144.6
3 1 -99188911.6
4 1 -395923.678
5 1 -1384500.14
6 1 2418148.83
7 1 367160.935
8 1 78709805.9
9 1 13869916.1
10 1 -187375677
11 1 78081866.8
12 1 -31513210
13 1 37494.2965
14 1 -328262.357
15 1 -569199.191
16 1 -93539.9154
17 1 -32266718
18 1 -8844439.08
19 1 -28984589.6
20 1 -35890640.3
21 1 22019109
22 1 23775.8896
23 1 -59521.0992
24 1 -186063.582
25 1 -22509.8385
26 1 -5108763.48
27 1 -901480.862
28 1 -10522982.6
29 1 -11727360.8
30 1 11092394.8
31 1 -187116.048
32 1 128487.648
33 1 -80345.9699
34 1 -8511.73702
35 1 -1343543.64
36 1 -141968.342
37 1 -1205652.11
38 1 8214673.73
39 1 -2497113.05
40 1 45500.4735
41 1 5675.11917
42 1 -50474.3454
43 1 -6926.11046
44 1 -3251433.1
45 1 -2041005.59
46 1 -44726744.1
47 1 -3394025.95
48 1 13910634.4
49 1 65392.0577
50 1 -478565.844
51 1 45023.9105
52 1 7824.17415
53 1 386733.345
54 1 -83151.1817
55 1 -69957658.6
56 1 -27276804.4
57 1 3688619.23
58 1 -192593.405
59 1 -48928.3485
60 1 -209170.211
61 1 -25072.0643
62 1 -5052744.99
63 1 -566102.099
64 1 -81138781
65 1 -34161045.1
66 1 44539905.6
67 1 -33696.68
68 1 392524.386
69 1 -191943.041
70 1 -33097.0637
71 1 -10387308.5
72 1 -2437236.36
73 1 -13319422.1
74 1 -12542051.1
75 1 6503003.71
76 1 -6494.47356
77 1 -13367.3511
78 1 -58087.5595
79 1 -8119.17949
80 1 -1049211.86
81 1 -143963.077
82 1 -9671633.43
83 1 -12684745.6
84 1 3581042.74
85 1 -66024.1813
86 1 55250.1187
87 1 -47161.3764
88 1 -7221.15318
89 1 -960562.994
90 1 -94607.9141
91 1 -60452300.2
92 1 -4799711.95
93 1 27513013.1
94 1 151626.03
95 1 770254.802
96 1 -49689.2287
97 1 -9550.7905
98 1 -4080470.03
99 1 -944438.403
100 1 -34469563
101 1 10172784.1
102 1 3037281.89
103 1 -112057.378
104 1 -395499.489
105 1 50537.4858
106 1 10224.097
107 1 812644.557
108 1 -148846.118
109 1 -42749353.1
110 1 -19934815.1
111 1 17869586.1
112 1 -71129.3293
113 1 100211.641
114 1 -136246.135
115 1 -17848.9468
116 1 -5041690.22
117 1 -948069.283
118 1 -39594513.6
119 1 -5098597.49
120 1 4678472.98
121 1 -50499.0311
122 1 -81340.8424
123 1 -126343.504
124 1 -16223.7203
125 1 -4347471.57
126 1 -1020121.68
127 1 -65868940.6
128 1 -5318688.3
129 1 7909634.62
130 1 94318.4095
131 1 -712572.394
132 1 126724.409
133 1 20075.3558
134 1 3647013.18
135 1 515997.328
136 1 -85942847.1
137 1 1530211.46
138 1 18246659.5
139 1 179765.716
140 1 1692512.45
141 1 11041.6874
142 1 -2295.19952
143 1 -2073441.27
144 1 -435235.945
1 2 76069144.6
2 2 691148722
3 2 335042682
4 2 520134.051
5 2 254207.097
6 2 147405.045
7 2 13902.7609
8 2 -24406638.8
9 2 -8635308.1
10 2 -13971366.6
11 2 -125428559
12 2 -91671707.8
13 2 55280.4638
14 2 87050.7281
15 2 85617.9245
16 2 23619.6022
17 2 21954878
18 2 8300418.59
19 2 -40173524.1
20 2 -17695018.6
21 2 19483563.2
22 2 77864.6002
23 2 -419459.385
24 2 -122632.205
25 2 -15483.0252
26 2 -3088441.38
27 2 -496619.794
28 2 -17025093.7
29 2 -206631.514
30 2 698766.61
31 2 -59831.9642
32 2 -52966.9084
33 2 -18966.6154
34 2 -1018.76638
35 2 346345.804
36 2 104244.767
37 2 -14479494.1
38 2 1377503.06
39 2 -4992076.9
40 2 15602.5727
41 2 59250.8215
42 2 -72867.0081
43 2 -6322.44629
44 2 -4714402.78
45 2 -3510632.24
46 2 1847602.09
47 2 -20507950.3
48 2 2426390.31
49 2 191267.82
50 2 -34832.0158
51 2 37540.4861
52 2 6656.58352
53 2 1181524.73
54 2 139339.663
55 2 21793275.3
56 2 -23019424.9
57 2 -4048470.45
58 2 -51322.9579
59 2 364884.728
60 2 101379.386
61 2 11974.2899
62 2 3058923.5
63 2 396765.744
64 2 1150792.82
65 2 -116605731
66 2 -52157618.4
67 2 392537.435
68 2 28828.3877
69 2 68092.6878
70 2 3226.6871
71 2 13786.1999
72 2 -574523.071
73 2 -13847251.3
74 2 -10206770.1
75 2 6357431.24
76 2 37626.0804
77 2 -103307.454
78 2 -42816.3493
79 2 -6172.86435
80 2 -718786.841
81 2 -88677.0231
82 2 -17601497.5
83 2 -2867974.7
84 2 -2237265.97
85 2 -55414.7837
86 2 -96871.7493
87 2 -51245.3133
88 2 -7065.43686
89 2 -887236.209
90 2 -75883.0548
91 2 9878048
92 2 -100397997
93 2 -46304529.9
94 2 -348967.473
95 2 -8231.69164
96 2 104587.739
97 2 9176.541
98 2 4162487.44
99 2 808695.478
100 2 6940197.08
101 2 -53438779.7
102 2 -2815403.12
103 2 577288.399
104 2 85808.9779
105 2 57245.9344
106 2 10093.401
107 2 3465854.97
108 2 1036317.62
109 2 -5818671.57
110 2 -50842144.1
111 2 -16369535.9
112 2 205242.095
113 2 1475.08887
114 2 -15705.9267
115 2 -3225.86742
116 2 -971302.746
117 2 -266150.164
118 2 6659373.1
119 2 -26259384.6
120 2 -197798.318
121 2 62249.9016
122 2 54900.1479
123 2 16173.9827
124 2 6794.0154
125 2 3497303.12
126 2 1289434.51
127 2 5035497.27
128 2 -29409606.6
129 2 4943093.66
130 2 298371.955
131 2 -9330.69049
132 2 61964.5785
133 2 10375.0286
134 2 2495403.56
135 2 424819.371
136 2 20527096.9
137 2 -120592177
138 2 -66445252.7
139 2 -1821845.48
140 2 -342547.774
141 2 -175974.583
142 2 -12994.9877
143 2 -344579.722
144 2 115076.656
1 3 -99188911.6
2 3 335042682
3 3 1.42614147e+09
4 3 1377449.94
5 3 3538957.5
6 3 141716.581
7 3 -4569.04404
8 3 -9993744.59
9 3 -3596927.38
10 3 30038883.7
11 3 -85399418.8
12 3 -276191595
13 3 -261773.384
14 3 483584.203
15 3 -93548.8323
16 3 293.044093
17 3 -638552.868
18 3 -144032.092
19 3 -38661579.4
20 3 -32231257.5
21 3 -53414776.3
22 3 614824.758
23 3 -725057.894
24 3 189370.943
25 3 21837.1284
26 3 9005455.89
27 3 1888189.66
28 3 -25076754.9
29 3 -37462001.9
30 3 -38767371.6
31 3 668809.692
32 3 -484786.532
33 3 199431.318
34 3 25288.6753
35 3 5409554.95
36 3 751219.683
37 3 -15543412.1
38 3 -3763983.48
39 3 -14824019.2
40 3 141529.896
41 3 84176.0473
42 3 -103081.723
43 3 -11071.8318
44 3 -7008803.35
45 3 -5315178.97
46 3 30290145.6
47 3 -17392558.5
48 3 -37614684.5
49 3 107019.618
50 3 479439.068
51 3 -34587.6004
52 3 -3318.23828
53 3 296682.932
54 3 79347.9122
55 3 -24892001.7
56 3 -27973636.8
57 3 -88707764.1
58 3 230280.565
59 3 -610717.131
60 3 -92038.4174
61 3 -8870.0426
62 3 -2199166.71
63 3 -292216.551
64 3 8604404.83
65 3 -35220852.6
66 3 -251931144
67 3 -428284.315
68 3 -1045416.81
69 3 -137891.037
70 3 -16401.1387
71 3 -5435795.29
72 3 -1293733.77
73 3 -13160270.2
74 3 -10424664.8
75 3 -20180205.7
76 3 118609.04
77 3 -178879.009
78 3 29158.2893
79 3 4499.68949
80 3 1653282.72
81 3 326049.901
82 3 -27930965.5
83 3 -27753292
84 3 -39271296.4
85 3 477736.088
86 3 -308355.7
87 3 4374.04982
88 3 1586.66109
89 3 855051.652
90 3 160581.284
91 3 19408258.2
92 3 -22829846.4
93 3 -158905918
94 3 -946283.179
95 3 -746044.211
96 3 -269072.289
97 3 -25439.9405
98 3 -9161926.42
99 3 -2138815.44
100 3 16284445.5
101 3 -52727503
102 3 -31062528.9
103 3 519263.658
104 3 126590.093
105 3 22106.4796
106 3 2304.28738
107 3 3712617.48
108 3 1602193.81
109 3 -9568296.42
110 3 -28811694.2
111 3 -88572813.7
112 3 244496.735
113 3 -531790.278
114 3 -59663.8681
115 3 -7206.017
116 3 -1945139.98
117 3 -363827.205
118 3 13656474.5
119 3 -17021288.3
120 3 -48280187.1
121 3 30859.6727
122 3 136726.26
123 3 29464.977
124 3 7513.09687
125 3 3873147.66
126 3 1420936.79
127 3 22645556.2
128 3 -28659913.7
129 3 -43812613.3
130 3 183915.419
131 3 386283.176
132 3 -24166.3191
133 3 -1622.11443
134 3 1616255.17
135 3 468268.543
136 3 22639367.6
137 3 -48553774.5
138 3 -132300187
139 3 -1552050.89
140 3 -119040.039
141 3 -158666.02
142 3 -10955.6439
143 3 -2679608.35
144 3 -484306.716
1 4 -395923.678
2 4 520134.051
3 4 1377449.94
4 4 368131.576
5 4 -41787.6235
6 4 43042.2844
7 4 4396.50857
8 4 1496310.72
9 4 411256.84
10 4 -4143.29206
11 4 87249.3047
12 4 -423371.087
13 4 -49940.7924
14 4 16905.3839
15 4 -10974.7442
16 4 -1196.01106
17 4 -449865.773
18 4 -146678.904
19 4 343263.841
20 4 173945.325
21 4 343778.239
22 4 -8182.36718
23 4 21633.5575
24 4 152.014195
25 4 71.0518017
26 4 6215.87717
27 4 -448.502681
28 4 146409.731
29 4 106441.945
30 4 492648.408
31 4 -2707.24813
32 4 12872.8697
33 4 -1943.3247
34 4 -200.450956
35 4 -37407.3857
36 4 -4940.38682
37 4 -128905.428
38 4 -17475.7117
39 4 -83906.8334
40 4 1094.26097
41 4 5175.06537
42 4 -2644.98571
43 4 -382.013664
44 4 -157896.941
45 4 -98305.5594
46 4 -108647.46
47 4 217748.53
48 4 115991.025
49 4 -3882.27014
50 4 -1327.24096
51 4 -708.217543
52 4 -90.0458152
53 4 -27917.8285
54 4 -5847.86533
55 4 -214401.081
56 4 115330.847
57 4 -145257.578
58 4 -14165.1977
59 4 -8082.58835
60 4 -3167.5087
61 4 -327.614349
62 4 -81145.7722
63 4 -10848.7002
64 4 33861.5842
65 4 517164.559
66 4 -639050.776
67 4 -68044.3461
68 4 -8844.24543
69 4 -7144.03011
70 4 -775.869343
71 4 -251427.423
72 4 -55583.9205
73 4 73405.7844
74 4 66393.5286
75 4 69968.7877
76 4 -4698.66409
77 4 7110.48052
78 4 -365.447609
79 4 -23.2890792
80 4 -6318.60615
81 4 -1305.59393
82 4 182361.913
83 4 -5463.14049
84 4 395588.042
85 4 -3059.43172
86 4 11000.0013
87 4 349.809888
88 4 91.0082221
89 4 15517.3803
90 4 2020.30655
91 4 205746.438
92 4 -217745.471
93 4 -1081050.65
94 4 -71121.6418
95 4 -14457.4305
96 4 -8955.57778
97 4 -827.471717
98 4 -283108.685
99 4 -65396.533
100 4 -143556.618
101 4 765881.423
102 4 164428.31
103 4 -9640.52223
104 4 -1806.23222
105 4 -1357.8455
106 4 -185.148249
107 4 -99350.239
108 4 -37724.3307
109 4 25754.7098
110 4 298304.805
111 4 60807.8673
112 4 -25125.7584
113 4 449.815009
114 4 -2764.39415
115 4 -245.774446
116 4 -74053.9816
117 4 -14242.9232
118 4 -85569.8116
119 4 86793.1679
120 4 26827.8778
121 4 -10911.2161
122 4 -1933.01584
123 4 -4055.25553
124 4 -531.478915
125 4 -206603.129
126 4 -65457.4366
127 4 -105638.982
128 4 355525.299
129 4 95542.6121
130 4 -3882.54733
131 4 -1027.24548
132 4 -553.074166
133 4 -90.3147821
134 4 -29698.3494
135 4 -6164.92118
136 4 488067.276
137 4 -1688485.59
138 4 -1706695.78
139 4 -95502.4377
140 4 -17482.1934
141 4 -7257.48602
142 4 -501.241608
143 4 -109042.139
144 4 -19255.5551
1 5 -1384500.14
2 5 254207.097
3 5 3538957.5
4 5 -41787.6235
5 5 500386.112
6 5 -6945.15249
7 5 897.220964
8 5 225869.318
9 5 15426.2097
10 5 -366887.096
11 5 157040.83
12 5 226872.454
13 5 -35504.3042
14 5 -98868.2012
15 5 -788.314013
16 5 -487.903879
17 5 -137875.468
18 5 -32431.9162
19 5 -172447.536
20 5 -522335.599
21 5 -612773.866
22 5 23491.2179
23 5 -18677.4739
24 5 2978.93169
25 5 268.786116
26 5 96169.2745
27 5 20318.7005
28 5 -79545.3622
29 5 -396425.248
30 5 -613962.474
31 5 16591.495
32 5 -10851.8253
33 5 4283.31451
34 5 472.666331
35 5 89913.2602
36 5 11888.6803
37 5 75698.5599
38 5 -19530.483
39 5 155265.213
40 5 -4929.02949
41 5 348.793123
42 5 2085.39174
43 5 268.492193
44 5 135896.654
45 5 95178.9801
46 5 -497364.01
47 5 -6828.95853
48 5 338018.711
49 5 1324.7697
50 5 -9192.8498
51 5 1714.27278
52 5 204.630708
53 5 43973.5131
54 5 8833.43028
55 5 -241741.756
56 5 197249.487
57 5 -708878.516
58 5 20231.8784
59 5 -40054.3472
60 5 -589.579012
61 5 -170.920484
62 5 -55618.8205
63 5 -8562.57966
64 5 251738.161
65 5 136519.422
66 5 -923727.959
67 5 17537.3454
68 5 -71288.0352
69 5 -3777.78224
70 5 -619.14936
71 5 -216416.251
72 5 -56701.8931
73 5 -27008.2554
74 5 -82347.3059
75 5 -126346.861
76 5 7210.29787
77 5 -7831.85538
78 5 885.49246
79 5 85.836721
80 5 17306.9474
81 5 3053.10568
82 5 -94326.6652
83 5 -187267.395
84 5 -405611.043
85 5 13848.6121
86 5 -9194.97425
87 5 1682.7185
88 5 183.656587
89 5 35028.1918
90 5 4666.99188
91 5 698943.212
92 5 157402.707
93 5 -696221.718
94 5 -3396.69794
95 5 -56767.863
96 5 -6006.45921
97 5 -636.921104
98 5 -222077.923
99 5 -53624.1483
100 5 -386180.445
101 5 125904.77
102 5 24937.3223
103 5 -1599.94718
104 5 -6354.88375
105 5 1431.89269
106 5 243.609451
107 5 52573.2149
108 5 12518.3571
109 5 10583.4436
110 5 11141.3821
111 5 -514500.362
112 5 11911.0636
113 5 -28384.8685
114 5 -612.103752
115 5 -135.66941
116 5 -54561.0081
117 5 -12106.4692
118 5 -48235.7613
119 5 41816.8407
120 5 94466.9699
121 5 4269.74116
122 5 -18255.328
123 5 3058.01454
124 5 323.682161
125 5 96177.4156
126 5 24035.6567
127 5 -710621.176
128 5 -45970.2738
129 5 268202.391
130 5 1356.15346
131 5 -9494.82087
132 5 1970.01398
133 5 287.166259
134 5 55638.7369
135 5 9304.24095
136 5 1672810.72
137 5 -10217.4278
138 5 10108.211
139 5 -2116.03961
140 5 -78972.4758
141 5 -3309.12595
142 5 -293.845842
143 5 -79303.5031
144 5 -15224.2632
1 6 2418148.83
2 6 147405.045
3 6 141716.581
4 6 43042.2844
5 6 -6945.15249
6 6 41867.6407
7 6 5026.19835
8 6 1527817.52
9 6 374911.208
10 6 -508596.925
11 6 185212.512
12 6 -139417.582
13 6 -1658.43004
14 6 6711.38007
15 6 -6952.97864
16 6 -825.585043
17 6 -304760.745
18 6 -94169.6813
19 6 -35841.5959
20 6 -137770.566
21 6 349938.285
22 6 -71.0441031
23 6 2456.52039
24 6 -1034.86792
25 6 -116.734638
26 6 -36839.3857
27 6 -7783.7907
28 6 56103.1854
29 6 -30466.3757
30 6 172285.673
31 6 164.472584
32 6 3044.1424
33 6 -448.759304
34 6 -50.133504
35 6 -15111.6754
36 6 -2595.59433
37 6 -21844.5019
38 6 33454.8025
39 6 -10361.9124
40 6 325.316225
41 6 -314.214902
42 6 -476.470021
43 6 -61.0776063
44 6 -37015.4963
45 6 -28174.7434
46 6 -161975.071
47 6 -16575.5703
48 6 74807.9608
49 6 522.051022
50 6 -2239.12503
51 6 251.48254
52 6 33.2606015
53 6 3126.77319
54 6 305.147166
55 6 -376923.62
56 6 30713.7914
57 6 -220176.074
58 6 -4037.84456
59 6 -3751.88181
60 6 -3336.2532
61 6 -333.348106
62 6 -81338.2733
63 6 -10656.5222
64 6 -269433.637
65 6 177974.833
66 6 -70132.5738
67 6 -12894.1372
68 6 -223.224156
69 6 -9569.53767
70 6 -1139.819
71 6 -373642.861
72 6 -92780.3106
73 6 -36225.0445
74 6 -33821.0275
75 6 93979.8225
76 6 -106.357356
77 6 174.883413
78 6 -398.956195
79 6 -56.896088
80 6 -11043.6636
81 6 -1854.44043
82 6 44933.313
83 6 -87504.8493
84 6 113072
85 6 -894.465447
86 6 3058.44816
87 6 21.8215238
88 6 11.118391
89 6 3097.58178
90 6 498.213671
91 6 -123650.657
92 6 99041.2206
93 6 -253586.227
94 6 -11526.9918
95 6 -2128.82772
96 6 -6762.44125
97 6 -674.504601
98 6 -241705.655
99 6 -58162.6888
100 6 -146285.456
101 6 43790.9041
102 6 9086.31984
103 6 -1102.71222
104 6 -2167.51206
105 6 -522.754886
106 6 -65.1629313
107 6 -37275.8171
108 6 -14304.2803
109 6 -169008.968
110 6 62100.1804
111 6 41177.4653
112 6 -4713.07998
113 6 -1153.38354
114 6 -3169.60517
115 6 -339.55908
116 6 -112740.466
117 6 -23686.9592
118 6 -141053.128
119 6 26792.4199
120 6 -288.413992
121 6 -1491.99491
122 6 -1830.55795
123 6 -1432.73471
124 6 -198.58192
125 6 -84169.7698
126 6 -28639.0763
127 6 -224197.53
128 6 -5907.51063
129 6 61687.3545
130 6 446.379379
131 6 -2733.99576
132 6 367.315932
133 6 53.9824601
134 6 7033.82609
135 6 683.008578
136 6 -86726.0575
137 6 -185665.185
138 6 -169483.816
139 6 -7540.8687
140 6 1521.25832
141 6 -4267.04253
142 6 -354.077123
143 6 -96470.4222
144 6 -17705.2108
1 7 367160.935
2 7 13902.7609
3 7 -4569.04404
4 7 4396.50857
5 7 897.220964
6 7 5026.19835
7 7 630.747802
8 7 187408.17
9 7 44460.4569
10 7 -79427.1542
11 7 36304.6417
12 7 -15858.2799
13 7 -323.819765
14 7 356.965537
15 7 -871.143741
16 7 -110.10041
17 7 -42209.5506
18 7 -13127.3892
19 7 -7337.417
20 7 -20946.1659
21 7 42887.6413
22 7 77.5280913
23 7 184.012817
24 7 -137.790619
25 7 -16.2400035
26 7 -4896.87589
27 7 -1001.90049
28 7 5729.07954
29 7 -4970.5548
30 7 19292.6171
31 7 43.4752428
32 7 322.465896
33 7 -51.0742092
34 7 -5.88713084
35 7 -1720.2155
36 7 -291.196117
37 7 -2347.26882
38 7 4716.87644
39 7 -746.532897
40 7 12.7472485
41 7 -36.8671887
42 7 -45.2907331
43 7 -6.01443425
44 7 -3602.32922
45 7 -2693.18825
46 7 -26664.8982
47 7 -2137.90952
48 7 10603.7274
49 7 75.2584081
50 7 -347.945882
51 7 36.4020474
52 7 4.90128393
53 7 389.361153
54 7 25.3770864
55 7 -51551.4741
56 7 2395.15349
57 7 -22959.7248
58 7 -397.517512
59 7 -571.57766
60 7 -388.528227
61 7 -40.3080513
62 7 -9650.91615
63 7 -1236.47915
64 7 -37826.2412
65 7 15460.0684
66 7 -3410.40567
67 7 -1311.81908
68 7 -219.349888
69 7 -1102.90309
70 7 -134.740741
71 7 -44130.3489
72 7 -10914.1601
73 7 -5413.81835
74 7 -5203.05117
75 7 12360.5357
76 7 12.712475
77 7 -13.1891289
78 7 -51.4959755
79 7 -7.61156508
80 7 -1444.84938
81 7 -238.781657
82 7 4744.62748
83 7 -10930.2695
84 7 12785.2368
85 7 -64.1981641
86 7 325.567542
87 7 2.00135179
88 7 0.848295757
89 7 271.599695
90 7 45.626783
91 7 -16905.3453
92 7 11521.6506
93 7 -26780.4736
94 7 -1227.39106
95 7 -339.753373
96 7 -794.697614
97 7 -80.8006495
98 7 -29229.3572
99 7 -7006.40274
100 7 -23424.6733
101 7 7004.35306
102 7 1045.81582
103 7 -138.180205
104 7 -318.770351
105 7 -61.4145997
106 7 -7.77308895
107 7 -4530.43493
108 7 -1714.70408
109 7 -23722.1107
110 7 5513.63142
111 7 7483.86205
112 7 -488.055866
113 7 -219.848314
114 7 -382.373219
115 7 -42.1115964
116 7 -13903.5599
117 7 -2889.44422
118 7 -21308.7739
119 7 4189.1479
120 7 1057.76009
121 7 -160.390105
122 7 -281.658097
123 7 -169.8188
124 7 -24.4762614
125 7 -10015.6152
126 7 -3364.11457
127 7 -38340.4207
128 7 -291.579022
129 7 7825.96229
130 7 62.4947225
131 7 -444.095713
132 7 58.0283797
133 7 8.64078742
134 7 1149.15211
135 7 111.95883
136 7 -10921.4134
137 7 -18941.7699
138 7 -16308.894
139 7 -718.685785
140 7 81.3496509
141 7 -491.361124
142 7 -42.0029952
143 7 -12169.6533
144 7 -2267.58118
1 8 78709805.9
2 8 -24406638.8
3 8 -9993744.59
4 8 1496310.72
5 8 225869.318
6 8 1527817.52
7 8 187408.17
8 8 68512557.1
9 8 18509715.4
10 8 -14211472
11 8 8955899.34
12 8 -3661193.25
13 8 -50945.2002
14 8 156814.772
15 8 -209559.5
16 8 -25897.0059
17 8 -11424535.4
18 8 -3825685.4
19 8 370674.71
20 8 -4312564.23
21 8 16031135.6
22 8 1222.32848
23 8 124899.002
24 8 -34499.0993
25 8 -4020.10018
26 8 -1504054.33
27 8 -348498.495
28 8 3554003.8
29 8 -744201.136
30 8 8253694.62
31 8 18577.7564
32 8 143423.973
33 8 -16918.663
34 8 -2002.92773
35 8 -729017.677
36 8 -137326.404
37 8 -773125.959
38 8 1214424.54
39 8 -9227.01309
40 8 -1123.37216
41 8 -15151.1786
42 8 -9357.95907
43 8 -1362.7491
44 8 -714530.373
45 8 -520334.219
46 8 -7055069.61
47 8 -377360.12
48 8 3681244.57
49 8 18042.4278
50 8 -89918.5977
51 8 7174.00734
52 8 981.652845
53 8 32170.8593
54 8 -4781.67288
55 8 -15519429.7
56 8 4549381.11
57 8 -10127597.4
58 8 -134702.464
59 8 -269104.425
60 8 -138445.633
61 8 -14321.0369
62 8 -3847298.03
63 8 -536536.452
64 8 -7559145.3
65 8 15367990.8
66 8 -2553070.77
67 8 -590589.141
68 8 -90030.2055
69 8 -411795.459
70 8 -48887.514
71 8 -17737559.3
72 8 -4640682.39
73 8 -897013.367
74 8 -830865.427
75 8 3694334.98
76 8 -1993.48627
77 8 3597.5541
78 8 -12807.6449
79 8 -1942.63015
80 8 -438367.837
81 8 -80956.3158
82 8 3004712.74
83 8 -2594880.01
84 8 6721219.51
85 8 -17766.3187
86 8 139536.352
87 8 8029.51109
88 8 1238.72416
89 8 252740.922
90 8 35543.5016
91 8 -2901651.51
92 8 9105753.21
93 8 -8813210.1
94 8 -399328.252
95 8 -149326.897
96 8 -255641.348
97 8 -25627.2272
98 8 -10327137.1
99 8 -2596943.04
100 8 -6376069.9
101 8 2031745.26
102 8 350287.216
103 8 -54609.1651
104 8 -95042.5968
105 8 -30289.6305
106 8 -4048.89172
107 8 -1958005.18
108 8 -710146.466
109 8 -5652467.76
110 8 5115705.49
111 8 1290304.39
112 8 -189728.959
113 8 -85606.5697
114 8 -128318.346
115 8 -13923.8905
116 8 -5011948.77
117 8 -1097218.58
118 8 -6251999.08
119 8 2428111.72
120 8 506576.812
121 8 -52179.2313
122 8 -104956.502
123 8 -52426.76
124 8 -7857.12027
125 8 -3457972.97
126 8 -1219135.39
127 8 -10080187.5
128 8 233602.597
129 8 2809237.5
130 8 15235.3818
131 8 -117258.424
132 8 12425.1549
133 8 1841.56804
134 8 217464.272
135 8 17462.8923
136 8 -1625587.56
137 8 -200687.785
138 8 -2317524.58
139 8 -113922.09
140 8 -18101.1321
141 8 -93586.1597
142 8 -8328.74398
143 8 -3061511.16
144 8 -624451.505
1 9 13869916.1
2 9 -8635308.1
3 9 -3596927.38
4 9 411256.84
5 9 15426.2097
6 9 374911.208
7 9 44460.4569
8 9 18509715.4
9 9 5484209.26
10 9 -2054308.75
11 9 1316460.13
12 9 -1069897.58
13 9 -4947.80626
14 9 45917.6852
15 9 -40632.348
16 9 -4838.8574
17 9 -2288129.22
18 9 -799263.473
19 9 510020.189
20 9 -643733.524
21 9 4485175.43
22 9 -6248.56929
23 9 45290.244
24 9 -6650.83158
25 9 -755.552962
26 9 -337931.517
27 9 -85952.4705
28 9 1159730.11
29 9 -42635.6175
30 9 2493913.25
31 9 4023.55982
32 9 44655.9626
33 9 -4680.84207
34 9 -546.012686
35 9 -226253.744
36 9 -45323.959
37 9 -249436.049
38 9 273025.19
39 9 30605.2305
40 9 -675.597529
41 9 -4553.55716
42 9 -2046.07818
43 9 -314.872519
44 9 -135768.571
45 9 -88434.1645
46 9 -1436753.96
47 9 -43974.8319
48 9 989966.158
49 9 3366.66987
50 9 -18496.4207
51 9 1321.51068
52 9 179.296058
53 9 5090.93364
54 9 -1015.24137
55 9 -3750143.46
56 9 1721662.72
57 9 -3023425.05
58 9 -35821.2155
59 9 -84207.2772
60 9 -38144.8096
61 9 -3910.02855
62 9 -1136976.68
63 9 -169066.18
64 9 -1191054.8
65 9 5596030.53
66 9 -789797.502
67 9 -186601.506
68 9 -21139.7278
69 9 -118700.162
70 9 -13787.1599
71 9 -5300500.34
72 9 -1435576.48
73 9 -122212.117
74 9 -88803.7895
75 9 842291.684
76 9 -2192.55156
77 9 2799.45684
78 9 -2655.09453
79 9 -397.40067
80 9 -101199.483
81 9 -20321.511
82 9 996306.824
83 9 -463463.334
84 9 2243947.53
85 9 -4769.86963
86 9 41772.107
87 9 3244.96117
88 9 468.648693
89 9 95266.8043
90 9 13404.0589
91 9 -392733.66
92 9 2659353.89
93 9 -2236978.22
94 9 -101095.99
95 9 -39017.4449
96 9 -61691.3581
97 9 -6084.51723
98 9 -2574608.3
99 9 -667479.185
100 9 -1357919.66
101 9 383338.038
102 9 121381.155
103 9 -14651.9113
104 9 -21952.7776
105 9 -8947.63783
106 9 -1205.61839
107 9 -551410.573
108 9 -197118.438
109 9 -1078480.45
110 9 1714654.54
111 9 74318.2291
112 9 -53442.4122
113 9 -21068.5579
114 9 -32388.0252
115 9 -3441.97118
116 9 -1311750.44
117 9 -300080.876
118 9 -1446534.12
119 9 652588.807
120 9 171813.082
121 9 -13698.6009
122 9 -26696.6829
123 9 -13271.5688
124 9 -1979.27066
125 9 -907485.289
126 9 -326531.598
127 9 -2018212.76
128 9 82587.8698
129 9 784400.677
130 9 3038.78478
131 9 -24102.4842
132 9 2281.07818
133 9 334.059432
134 9 37739.6611
135 9 2788.26192
136 9 -223733.524
137 9 197657.756
138 9 -346725.582
139 9 -18560.5362
140 9 -5258.77122
141 9 -15253.2889
142 9 -1367.46188
143 9 -553842.375
144 9 -118018.72
1 10 -187375677
2 10 -13971366.6
3 10 30038883.7
4 10 -4143.29206
5 10 -366887.096
6 10 -508596.925
7 10 -79427.1542
8 10 -14211472
9 10 -2054308.75
10 10 733301861
11 10 -84330664.9
12 10 129440733
13 10 -520183.697
14 10 -1001997.1
15 10 1974530.72
16 10 305507.297
17 10 90646512.4
18 10 23271482.9
19 10 -28577449.1
20 10 -26763567.9
21 10 9579053.46
22 10 39404.7379
23 10 -83524.1782
24 10 -106203.093
25 10 -13249.9187
26 10 -1921133.71
27 10 -224614.977
28 10 -12208303.7
29 10 -11486693.8
30 10 3596145.54
31 10 -65168.4309
32 10 63932.1802
33 10 -45882.4339
34 10 -4432.15998
35 10 -430701.414
36 10 -30360.5825
37 10 -2279512.3
38 10 7061966.01
39 10 -2554163.72
40 10 36536.8908
41 10 13702.4621
42 10 -55516.1745
43 10 -7362.09072
44 10 -3595198.87
45 10 -2191967.16
46 10 -35168923.3
47 10 -3213815.08
48 10 3752072.26
49 10 39476.3584
50 10 -357172.637
51 10 38443.4046
52 10 6727.78607
53 10 584917.215
54 10 -18133.8332
55 10 -64815709.8
56 10 -26398682.6
57 10 4194727.08
58 10 -57124.5914
59 10 -114887.841
60 10 -173303.433
61 10 -22223.0297
62 10 -4311619.03
63 10 -468348.152
64 10 -69346034.9
65 10 -31400033.2
66 10 21448039.9
67 10 -108022.033
68 10 106630.007
69 10 -221515.303
70 10 -35804.7709
71 10 -10735633.7
72 10 -2385363.38
73 10 -13950351.4
74 10 -10408500.5
75 10 5373785.91
76 10 -2722.55599
77 10 -31268.0464
78 10 -47750.4076
79 10 -6741.7222
80 10 -705039.972
81 10 -75702.6755
82 10 -11433196.1
83 10 -11023126.3
84 10 -162493.423
85 10 27215.9878
86 10 -20651.8944
87 10 -37797.7218
88 10 -6226.72917
89 10 -779399.487
90 10 -70579.4538
91 10 -55096088.4
92 10 -19862159.7
93 10 14619598.7
94 10 -79751.1574
95 10 662797.325
96 10 -78214.6479
97 10 -12119.838
98 10 -4996996.38
99 10 -1225399.95
100 10 -29125585.3
101 10 2291359.39
102 10 -311558.395
103 10 -7924.5556
104 10 -314924.657
105 10 65797.8676
106 10 12153.675
107 10 2057219.46
108 10 300154.519
109 10 -35305911.5
110 10 -18504468.7
111 10 8418920.41
112 10 -64635.3332
113 10 -31989.5242
114 10 -124777.279
115 10 -16342.3207
116 10 -4251136.19
117 10 -740757.158
118 10 -28589465.3
119 10 -5071783.49
120 10 1375892.23
121 10 -33217.8775
122 10 -37838.4703
123 10 -77397.0949
124 10 -9460.41656
125 10 -2329304.14
126 10 -472653.086
127 10 -52330701.3
128 10 -6912057.65
129 10 -1241069.1
130 10 77799.5471
131 10 -536526.041
132 10 104951.378
133 10 16962.2836
134 10 3217619.42
135 10 449939.971
136 10 -78600522.9
137 10 -28203990.3
138 10 10495354.2
139 10 -328866.582
140 10 1793554.01
141 10 18592.7618
142 10 -551.342169
143 10 -586891.766
144 10 -123365.026
1 11 78081866.8
2 11 -125428559
3 11 -85399418.8
4 11 87249.3047
5 11 157040.83
6 11 185212.512
7 11 36304.6417
8 11 8955899.34
9 11 1316460.13
10 11 -84330664.9
11 11 400249220
12 11 194850241
13 11 835397.244
14 11 -196383.885
15 11 -266554.283
16 11 -84684.2426
17 11 -70309087.3
18 11 -25799491
19 11 -34400598.9
20 11 13150738.7
21 11 21858051.8
22 11 -21650.6947
23 11 -130858.927
24 11 -6905.3462
25 11 -2397.39994
26 11 -191837.927
27 11 -10415.3678
28 11 -15328848.8
29 11 11999111.5
30 11 5788265.99
31 11 48118.2879
32 11 87556.7525
33 11 -12510.523
34 11 -121.303562
35 11 -18993.2076
36 11 1446.84219
37 11 -10921470.7
38 11 -599461.028
39 11 -5428846.18
40 11 44572.6494
41 11 19242.1477
42 11 -49937.2807
43 11 -3187.19143
44 11 -2911632.48
45 11 -2310634.02
46 11 18518899.7
47 11 -9456248.11
48 11 223237.605
49 11 68982.5834
50 11 150106.106
51 11 22701.8253
52 11 3495.36095
53 11 1073424.71
54 11 197434.772
55 11 33411042.3
56 11 17607515.1
57 11 288898.313
58 11 -15559.6178
59 11 262110.362
60 11 79772.8608
61 11 11752.3843
62 11 2300099.44
63 11 244527.785
64 11 6889139.41
65 11 -37563273.1
66 11 -25323531
67 11 256238.936
68 11 78323.8456
69 11 -7048.80099
70 11 -1107.31378
71 11 -2035463.87
72 11 -815257.042
73 11 -14792150.9
74 11 3177706.24
75 11 8232611.89
76 11 4254.81224
77 11 -58449.7023
78 11 -8401.31483
79 11 -1851.3017
80 11 -85378.0252
81 11 491.570705
82 11 -16847711.4
83 11 8222687.66
84 11 8088806.74
85 11 -48273.7917
86 11 -20441.7771
87 11 -25776.6774
88 11 -3651.33262
89 11 -453028.528
90 11 -38396.9423
91 11 29296625.8
92 11 -54298908.5
93 11 -35646902.9
94 11 -347876.677
95 11 -405298.339
96 11 -14307.2651
97 11 -206.291636
98 11 -571791.923
99 11 -412512.375
100 11 20681663.9
101 11 -56714720.6
102 11 -3076994.94
103 11 558697.819
104 11 200743.097
105 11 38661.3226
106 11 8206.81602
107 11 2117170.35
108 11 489414.264
109 11 -3213028.68
110 11 -19950459.6
111 11 -8528011.99
112 11 138232.39
113 11 5741.43688
114 11 -25883.8051
115 11 -3499.15852
116 11 -1238083.85
117 11 -270599.589
118 11 12826614.1
119 11 -3418433.97
120 11 161400.805
121 11 62732.5561
122 11 70605.277
123 11 49013.475
124 11 7970.72864
125 11 1554942.89
126 11 280603.444
127 11 26988738.1
128 11 -9530527.16
129 11 2868082.93
130 11 84133.0938
131 11 241214.171
132 11 -4154.52962
133 11 -749.432758
134 11 -153072.162
135 11 -36073.1214
136 11 39179013
137 11 -94724135.2
138 11 -54411095.3
139 11 -1597691.04
140 11 -748857.027
141 11 -140954.107
142 11 -8489.98687
143 11 703915.124
144 11 211642.522
1 12 -31513210
2 12 -91671707.8
3 12 -276191595
4 12 -423371.087
5 12 226872.454
6 12 -139417.582
7 12 -15858.2799
8 12 -3661193.25
9 12 -1069897.58
10 12 129440733
11 12 194850241
12 12 800386216
13 12 809555.107
14 12 -1647561.73
15 12 716567.581
16 12 66745.564
17 12 23671396.7
18 12 7190725.58
19 12 -40655958.7
20 12 -3868480.76
21 12 14063874.7
22 12 -42953.5628
23 12 -168769.827
24 12 -7108.31712
25 12 -1941.70697
26 12 712603.241
27 12 158168.49
28 12 -20074216.6
29 12 -2120922.04
30 12 5617025.28
31 12 12224.3056
32 12 15883.5645
33 12 -15658.8436
34 12 -319.423566
35 12 17746.4593
36 12 11235.6701
37 12 -21856357.9
38 12 -465037.809
39 12 -28398706.2
40 12 292333.797
41 12 22208.1638
42 12 -198197.137
43 12 -23932.8752
44 12 -12282710.8
45 12 -8162664.92
46 12 6783389.06
47 12 -11292560.9
48 12 -15356661.1
49 12 52747.4512
50 12 148740.893
51 12 -508.640797
52 12 1515.82002
53 12 798603.824
54 12 123405.956
55 12 -33727048.6
56 12 -14340989.5
57 12 -19276191.2
58 12 54193.1275
59 12 58746.8879
60 12 -94004.0124
61 12 -9456.89573
62 12 -1920858.46
63 12 -210503.6
64 12 -23548040.6
65 12 -31671239.9
66 12 -78033006.6
67 12 -11831.0641
68 12 405358.308
69 12 -15516.1976
70 12 -3935.3345
71 12 -829732.149
72 12 -77621.0715
73 12 -17713912.7
74 12 -3243705.09
75 12 2112757.85
76 12 -15063.5957
77 12 -43340.6961
78 12 -3070.983
79 12 -494.995379
80 12 519113.944
81 12 108511.018
82 12 -27428051.7
83 12 -5217405.43
84 12 4066274.55
85 12 -1722.21185
86 12 67247.3618
87 12 -76634.1495
88 12 -9719.54327
89 12 -1250704.34
90 12 -112994.846
91 12 -508932.544
92 12 -24334662.9
93 12 -74511452.7
94 12 -359181.767
95 12 -92245.9151
96 12 -40747.4955
97 12 -4813.5108
98 12 -990596.643
99 12 -99814.6112
100 12 4889686.04
101 12 -46728748.1
102 12 -16398755.7
103 12 430660.155
104 12 50893.9933
105 12 37365.2385
106 12 8055.11307
107 12 2272726.13
108 12 593548.971
109 12 -20667111.1
110 12 -22443313.9
111 12 -21567882.6
112 12 170229.98
113 12 21918.6303
114 12 -23364.4398
115 12 -4454.54525
116 12 -621370.629
117 12 -32312.0095
118 12 -3912989.76
119 12 -8123774.88
120 12 -19862009.1
121 12 45988.3941
122 12 83042.3739
123 12 10671.1108
124 12 3115.08602
125 12 1981991.74
126 12 819385.23
127 12 -3648608.52
128 12 -16340652.5
129 12 -19640725.6
130 12 96531.9813
131 12 21780.1986
132 12 27717.7505
133 12 5604.97119
134 12 2163746.87
135 12 440398.414
136 12 -5241352.86
137 12 -47993549.6
138 12 -119203285
139 12 -1446676.36
140 12 87847.3225
141 12 -158659.035
142 12 -12170.8802
143 12 -2934330.53
144 12 -486571.658
1 13 37494.2965
2 13 55280.4638
3 13 -261773.384
4 13 -49940.7924
5 13 -35504.3042
6 13 -1658.43004
7 13 -323.819765
8 13 -50945.2002
9 13 -4947.80626
10 13 -520183.697
11 13 835397.244
12 13 809555.107
13 13 176450.905
14 13 27476.3325
15 13 29481.0732
16 13 3279.83333
17 13 1067304.76
18 13 331363.975
19 13 99640.2321
20 13 -6286.09009
21 13 -144639.552
22 13 4948.44493
23 13 11826.1345
24 13 738.911617
25 13 85.856583
26 13 5658.76291
27 13 160.142177
28 13 -81022.7366
29 13 68187.7615
30 13 29361.2817
31 13 4330.51183
32 13 6737.51568
33 13 -844.70852
34 13 -79.2927414
35 13 -8025.08042
36 13 -598.105139
37 13 -24518.0706
38 13 -8585.69566
39 13 10330.1451
40 13 -306.778567
41 13 2238.60401
42 13 -896.46073
43 13 -152.40772
44 13 -49743.4667
45 13 -23043.9529
46 13 -175246.188
47 13 100241.87
48 13 67758.8377
49 13 -584.600459
50 13 -2414.89392
51 13 10.454663
52 13 -12.1254226
53 13 -3805.53366
54 13 -298.320775
55 13 -138134.594
56 13 64724.649
57 13 112595.254
58 13 8025.40171
59 13 -5660.84575
60 13 -291.99125
61 13 -59.729993
62 13 -16120.1345
63 13 -1896.33313
64 13 -43259.8456
65 13 209940.193
66 13 144878.178
67 13 -9883.67558
68 13 -3614.75642
69 13 1385.16101
70 13 146.954738
71 13 36998.4735
72 13 10023.7097
73 13 27068.8022
74 13 9447.86071
75 13 -57881.9673
76 13 1709.70213
77 13 5733.7683
78 13 176.015626
79 13 31.7987341
80 13 1935.49848
81 13 84.3059882
82 13 25119.0685
83 13 26716.6274
84 13 45983.8835
85 13 2858.01798
86 13 5428.75187
87 13 -95.7919865
88 13 17.6093303
89 13 -660.386476
90 13 -173.968675
91 13 453625.999
92 13 -306397.994
93 13 -427032.86
94 13 -32217.0245
95 13 -24598.3307
96 13 -1840.29583
97 13 -178.947853
98 13 -17256.5509
99 13 1400.60688
100 13 -206319.414
101 13 682072.213
102 13 84101.2514
103 13 -7160.92105
104 13 -2297.16496
105 13 -309.590781
106 13 -63.6278469
107 13 -24454.6296
108 13 -7721.67481
109 13 -2881.67664
110 13 123054.978
111 13 151906.718
112 13 -4397.47908
113 13 2317.41553
114 13 778.123029
115 13 92.4973692
116 13 26591.0784
117 13 5093.92795
118 13 -71328.3582
119 13 71527.642
120 13 62224.3576
121 13 1150.26211
122 13 -2354.97239
123 13 557.464598
124 13 39.6538892
125 13 23648.136
126 13 7389.06614
127 13 -226572.155
128 13 119673.828
129 13 47362.6029
130 13 -546.5272
131 13 -2398.86374
132 13 184.752017
133 13 17.9766453
134 13 4267.26028
135 13 1265.19633
136 13 909581.553
137 13 -1452225.11
138 13 -1421902.78
139 13 -74599.1012
140 13 -35059.3915
141 13 -6925.14068
142 13 -512.866314
143 13 -97339.9345
144 13 -14738.1923
1 14 -328262.357
2 14 87050.7281
3 14 483584.203
4 14 16905.3839
5 14 -98868.2012
6 14 6711.38007
7 14 356.965537
8 14 156814.772
9 14 45917.6852
10 14 -1001997.1
11 14 -196383.885
12 14 -1647561.73
13 14 27476.3325
14 14 383943.031
15 14 -4049.56397
16 14 909.735985
17 14 338800.366
18 14 75464.7916
19 14 -72617.6457
20 14 -73746.954
21 14 16764.1644
22 14 8612.68949
23 14 -11682.6605
24 14 292.563264
25 14 -23.2374054
26 14 -5072.69592
27 14 -514.545081
28 14 53314.071
29 14 32668.6481
30 14 -79242.3618
31 14 4963.20703
32 14 -6180.43407
33 14 1354.29383
34 14 116.959401
35 14 13430.6988
36 14 1233.93515
37 14 207175.959
38 14 -19469.2776
39 14 302289.883
40 14 -5781.66002
41 14 -556.027675
42 14 3360.34747
43 14 447.040367
44 14 210170.404
45 14 134908.914
46 14 -299340.966
47 14 -42388.1301
48 14 88096.9634
49 14 1257.99613
50 14 -5538.18514
51 14 1314.7628
52 14 157.815979
53 14 39926.5157
54 14 8216.95968
55 14 -118246.674
56 14 83900.4496
57 14 -3807.89873
58 14 12445.2274
59 14 -23618.3338
60 14 447.129862
61 14 -52.2655551
62 14 -11119.7431
63 14 -1154.34778
64 14 259531.257
65 14 35271.6782
66 14 261489.316
67 14 15825.7416
68 14 -39924.5094
69 14 -2070.93376
70 14 -369.105699
71 14 -104860.412
72 14 -24688.1814
73 14 -6668.17632
74 14 -14909.939
75 14 19629.5274
76 14 4172.61888
77 14 -6439.89507
78 14 505.92598
79 14 33.065072
80 14 4390.52951
81 14 576.953339
82 14 -25526.4696
83 14 23026.2242
84 14 43703.6743
85 14 4269.33757
86 14 -5276.12508
87 14 275.591716
88 14 -9.2248218
89 14 -8.32437196
90 14 57.8142537
91 14 607577.381
92 14 141030.046
93 14 20865.8323
94 14 12475.9078
95 14 -41839.4066
96 14 -2411.66339
97 14 -284.29901
98 14 -73278.2592
99 14 -16302.0771
100 14 -286771.16
101 14 -101437.389
102 14 -18176.9954
103 14 1075.36387
104 14 -3552.36543
105 14 1159.87269
106 14 207.211148
107 14 45293.0504
108 14 9982.68708
109 14 7633.23673
110 14 -37384.5947
111 14 -56269.9719
112 14 9229.82552
113 14 -16605.206
114 14 -482.152235
115 14 -107.120818
116 14 -33799.6671
117 14 -6370.77991
118 14 4348.01819
119 14 15646.3208
120 14 31592.7434
121 14 3347.80019
122 14 -11415.6185
123 14 2582.46548
124 14 287.059269
125 14 91466.9721
126 14 25268.2125
127 14 -499184.614
128 14 -108327.806
129 14 11855.8687
130 14 1293.34675
131 14 -6147.47573
132 14 1475.52593
133 14 220.670887
134 14 49452.043
135 14 8873.04045
136 14 1750005.66
137 14 618464.889
138 14 302739.228
139 14 28128.777
140 14 -76670.0884
141 14 -385.891346
142 14 -63.5882018
143 14 -12330.9817
144 14 -2429.95777
1 15 -569199.191
2 15 85617.9245
3 15 -93548.8323
4 15 -10974.7442
5 15 -788.314013
6 15 -6952.97864
7 15 -871.143741
8 15 -209559.5
9 15 -40632.348
10 15 1974530.72
11 15 -266554.283
12 15 716567.581
13 15 29481.0732
14 15 -4049.56397
15 15 24132.7544
16 15 2938.49148
17 15 1017623.22
18 15 305118.396
19 15 -27054.7558
20 15 -92065.3487
21 15 66256.9024
22 15 1417.6829
23 15 1741.90223
24 15 -151.095963
25 15 -19.4952477
26 15 -6290.08197
27 15 -1088.31134
28 15 -13101.0051
29 15 -34634.8055
30 15 21344.5773
31 15 906.210153
32 15 1296.40237
33 15 -228.473056
34 15 -24.1673622
35 15 -3232.27943
36 15 -349.069942
37 15 -38839.2308
38 15 25987.2168
39 15 -49631.3816
40 15 592.681527
41 15 294.928786
42 15 -793.879882
43 15 -111.060113
44 15 -56136.7824
45 15 -37590.6949
46 15 -155247.469
47 15 29456.1176
48 15 26110.2722
49 15 -116.030978
50 15 -1921.01449
51 15 177.020503
52 15 20.7253055
53 15 2375.47789
54 15 385.642941
55 15 -279833.529
56 15 -130817.537
57 15 -41886.4286
58 15 812.717245
59 15 -969.34025
60 15 -1049.81372
61 15 -121.020505
62 15 -26307.859
63 15 -2967.79344
64 15 -241774.919
65 15 -22072.4238
66 15 143476.251
67 15 -1780.83551
68 15 1072.90757
69 15 -1531.24603
70 15 -211.859291
71 15 -57308.8901
72 15 -12036.3196
73 15 -18664.5421
74 15 -29923.2625
75 15 49430.8013
76 15 468.120201
77 15 771.33031
78 15 -59.6008138
79 15 -7.5495245
80 15 -1537.97878
81 15 -249.397889
82 15 9040.63376
83 15 -78209.7412
84 15 -22258.3175
85 15 147.014866
86 15 1141.42832
87 15 -76.801999
88 15 -5.82707275
89 15 -1824.47832
90 15 -233.816676
91 15 -58698.1438
92 15 -60924.4917
93 15 -107785.485
94 15 -6491.52299
95 15 -3330.54348
96 15 -2354.17772
97 15 -248.217873
98 15 -62136.0948
99 15 -11817.3588
100 15 -150211.309
101 15 159174.956
102 15 4962.93457
103 15 -1563.96775
104 15 -1647.79799
105 15 -129.841581
106 15 -22.7257109
107 15 -11058.4897
108 15 -3713.44504
109 15 -107252.437
110 15 -14091.2767
111 15 132755.961
112 15 -738.707181
113 15 616.768321
114 15 -563.426004
115 15 -68.0390239
116 15 -18526.9209
117 15 -3348.37144
118 15 -104203.927
119 15 19194.8457
120 15 16072.4154
121 15 191.82991
122 15 -837.566086
123 15 -89.1421274
124 15 -20.7057275
125 15 -4042.65463
126 15 -1058.41468
127 15 -223811.378
128 15 20274.4596
129 15 1580.95254
130 15 2.37660866
131 15 -2385.97332
132 15 375.594896
133 15 55.1999238
134 15 11194.606
135 15 1923.9369
136 15 35725.8666
137 15 -256941.293
138 15 -321210.856
139 15 -16145.1257
140 15 -2655.20277
141 15 -4679.52778
142 15 -378.129329
143 15 -96406.0304
144 15 -16401.5816
1 16 -93539.9154
2 16 23619.6022
3 16 293.044093
4 16 -1196.01106
5 16 -487.903879
6 16 -825.585043
7 16 -110.10041
8 16 -25897.0059
9 16 -4838.8574
10 16 305507.297
11 16 -84684.2426
12 16 66745.564
13 16 3279.83333
14 16 909.735985
15 16 2938.49148
16 16 381.110434
17 16 136142.613
18 16 40795.8607
19 16 -1528.11596
20 16 -15206.6889
21 16 6924.55645
22 16 202.65509
23 16 153.545297
24 16 -25.77655
25 16 -3.34514354
26 16 -934.718877
27 16 -151.109399
28 16 -307.733141
29 16 -6486.33489
30 16 1669.30766
31 16 114.173683
32 16 126.740621
33 16 -25.1735732
34 16 -2.91398956
35 16 -363.865398
36 16 -37.9024038
37 16 -2683.84664
38 16 3829.81851
39 16 -4325.76138
40 16 44.4692247
41 16 34.9425864
42 16 -80.2561331
43 16 -11.93485
44 16 -5760.94853
45 16 -3724.7662
46 16 -25741.7528
47 16 4838.12967
48 16 3521.83571
49 16 -22.1756079
50 16 -299.561627
51 16 23.6004247
52 16 2.86983399
53 16 215.963235
54 16 21.6406853
55 16 -43477.8396
56 16 -19568.973
57 16 -3770.93679
58 16 142.629191
59 16 -246.577614
60 16 -147.009945
61 16 -18.0488726
62 16 -3883.47055
63 16 -435.363686
64 16 -33933.1121
65 16 -1905.2199
66 16 22039.4892
67 16 -188.717101
68 16 -48.6053748
69 16 -206.466619
70 16 -29.7425145
71 16 -8291.41684
72 16 -1780.46212
73 16 -1710.81903
74 16 -4731.40786
75 16 6156.17041
76 16 66.0829538
77 16 61.9792803
78 16 -8.61062226
79 16 -1.18946129
80 16 -233.612568
81 16 -36.5982718
82 16 2365.55378
83 16 -10978.3865
84 16 -3510.80552
85 16 46.4271836
86 16 124.43218
87 16 -8.89572794
88 16 -0.85142225
89 16 -236.384699
90 16 -29.7301273
91 16 -12032.9626
92 16 -3741.54965
93 16 -7400.12777
94 16 -636.959376
95 16 -411.098656
96 16 -276.890636
97 16 -30.2439817
98 16 -8097.44935
99 16 -1597.07135
100 16 -24553.0543
101 16 26076.8978
102 16 751.951308
103 16 -246.37394
104 16 -261.540718
105 16 -17.857249
106 16 -3.33733806
107 16 -1508.88448
108 16 -478.827841
109 16 -15263.5625
110 16 -1190.78139
111 16 17549.9948
112 16 -74.5863764
113 16 -9.87816592
114 16 -77.6146623
115 16 -9.75695553
116 16 -2711.88802
117 16 -492.304317
118 16 -16493.6075
119 16 2748.01723
120 16 2176.82802
121 16 12.8566093
122 16 -149.474989
123 16 -16.3245522
124 16 -3.66221452
125 16 -630.16451
126 16 -126.280346
127 16 -37358.2806
128 16 3243.62003
129 16 -370.394574
130 16 -5.58714884
131 16 -387.921021
132 16 58.1103745
133 16 8.74853655
134 16 1714.56851
135 16 278.573664
136 16 -151.938049
137 16 -20225.73
138 16 -28825.5101
139 16 -1531.3522
140 16 -303.33616
141 16 -492.783313
142 16 -40.8849036
143 16 -11080.5303
144 16 -1920.63806
1 17 -32266718
2 17 21954878
3 17 -638552.868
4 17 -449865.773
5 17 -137875.468
6 17 -304760.745
7 17 -42209.5506
8 17 -11424535.4
9 17 -2288129.22
10 17 90646512.4
11 17 -70309087.3
12 17 23671396.7
13 17 1067304.76
14 17 338800.366
15 17 1017623.22
16 17 136142.613
17 17 63659568.8
18 17 21602146.7
19 17 2364284.94
